10.843851089477539
10.673324584960938
10.59214973449707
10.371302604675293
10.270759582519531
9.8764066696167
10.259981155395508
9.94402027130127
9.650736808776855
9.445172309875488
8.967204093933105
8.819290161132812
9.716012001037598
8.588641166687012
8.378031730651855
8.316567420959473
8.537890434265137
8.16748046875
8.2960844039917
8.42436408996582
8.92316722869873
7.490298748016357
7.473545551300049
8.65912914276123
7.3162970542907715
7.37550163269043
6.960870265960693
7.210042953491211
7.761403560638428
6.824240684509277
7.363091468811035
7.074793338775635
6.198186874389648
6.381033420562744
6.820584774017334
7.451815605163574
6.769735336303711
6.643247127532959
6.808969974517822
7.252100467681885
6.821173667907715
6.33780574798584
6.357966423034668
6.198690414428711
6.784050941467285
6.692645072937012
5.7533159255981445
5.039135456085205
6.0218706130981445
7.387502193450928
5.7388691902160645
7.61046028137207
5.937004566192627
6.549921035766602
4.550356864929199
4.807067394256592
6.9425129890441895
5.888007164001465
5.037624835968018
7.307814121246338
5.442658424377441
5.799278736114502
5.515213489532471
6.006406784057617
5.315490245819092
7.690693378448486
6.4476318359375
5.951229572296143
6.0879597663879395
7.328471660614014
6.162282466888428
5.5200724601745605
5.356693744659424
5.89617395401001
5.658935070037842
5.918771266937256
5.820287227630615
6.065684795379639
6.681375980377197
5.566380500793457
7.286579132080078
6.080573558807373
6.077230453491211
6.09917688369751
6.287570953369141
6.4287519454956055
5.516111373901367
5.76226282119751
4.972679138183594
6.995249271392822
6.504807949066162
6.067412853240967
5.661548137664795
6.272472381591797
6.739388942718506
5.667086601257324
5.702731609344482
6.596833229064941
5.682284355163574
6.269257545471191
